3221.398548
484.610666
849.861720
591.826461
1318.291486
424.555186
1696.508774
1821.860224
545.466038
2552.133507
2582.310008
1569.474082
765.789064
2408.808796
1570.623947
2746.360138
976.559407
1574.440623
863.987814
3228.700291
868.064399
2986.564278
2309.137996
2153.404576
470.782422
2052.238269
2900.021673
1935.655620
1768.614365
2990.270133
2814.970490
1691.423937
3175.009074
366.243234
1983.378673
1194.711585
490.926695
381.298472
2716.700084
736.521009
2633.560253
2000.421117
2006.123367
3099.477593
1110.640937
3276.875589
2547.248755
1787.328619
1552.727237
3111.364846
1717.439933
2120.919911
2799.340148
727.988953
975.735510
2970.250845
2480.355498
577.168206
1607.317488
950.380887
3267.566616
1123.699002
2341.933098
3143.986713
1190.070511
1026.722795
1040.109321
1381.125483
1108.149541
458.220430
1817.774766
443.120820
2158.769822
525.309157
3242.726688
2969.539034
503.595771
2491.386467
1458.278676
1756.451283
2304.162337
2875.846885
578.782217
1804.913510
305.246861
1254.646003
1476.575378
2485.730634
1531.942484
2784.021143
3136.239795
1500.920123
609.131169
2179.583917
1346.317862
1499.329956
2906.434989
2086.555458
2580.583714
715.995554
