1370.907051
853.896330
2996.550187
2209.901982
1563.907626
1985.718601
3306.004571
1159.096454
3076.655723
2872.735591
2323.990175
2408.249112
487.950349
412.058656
1947.284845
3199.474069
759.826256
1349.535623
2074.611083
829.220306
1739.328547
994.316612
2487.085805
3192.973333
3167.723644
2844.830277
1239.950373
2293.654728
3429.283832
1835.872688
3489.578548
1237.011701
2365.843638
2922.949554
3122.988303
366.572084
1345.488973
2865.813694
1201.743158
858.965515
2175.370103
3201.807955
2943.289248
2339.395073
3289.941231
1327.394911
1975.689961
486.588306
2353.005156
487.121864
