2354.602880
1603.317802
338.884041
2477.112631
466.837968
1415.730494
1545.878977
1088.190875
2649.295821
2500.766212
2269.345909
1762.673679
1710.663106
2255.059349
2896.509097
2421.561039
2240.424159
2958.993119
2653.895731
1364.255667
2286.887892
409.135812
2714.070093
450.326907
1697.438148
2945.966689
2443.895544
1998.687160
2668.001403
1829.379632
417.348969
1799.436368
3139.682170
463.217745
1053.381082
383.352222
1585.932974
2306.244796
1178.527833
1012.060879
1583.843091
3154.858478
2481.719294
3001.490933
2186.749911
2155.060475
2199.884056
1204.006153
1890.885679
1630.611872
2275.246556
954.605655
1746.732419
1766.148733
1111.917297
3151.155302
1488.947506
332.644924
1926.674546
933.780993
1869.009293
2051.008249
2440.202096
1785.523546
2221.210729
3200.567913
1875.860503
583.975788
2283.644792
2761.373072
1303.021402
644.319968
2693.063634
561.572780
422.642985
1656.645629
2423.617991
2329.511777
2567.636517
1091.335753
736.955732
1619.715157
1752.926143
2190.672888
3092.848624
2571.828176
2118.660274
1358.628214
2611.457836
822.166904
1999.393943
1257.299212
2580.159888
1216.428122
2749.807495
1578.202703
1193.828120
1402.500082
1869.163226
3184.457647
940.705238
2879.169363
605.609699
410.600955
3147.726879
735.237419
1774.231319
2348.176953
2771.733932
1118.699920
3146.497441
3215.674399
2445.399812
1676.255668
2183.179371
2315.080521
1024.915928
1078.671730
450.540819
413.205849
1607.823369
2156.919498
1377.489796
964.815341
3080.332355
904.129375
2250.002779
1050.992559
2013.614193
895.998088
1012.282291
2661.304166
551.999536
1324.876725
2778.889857
476.558498
1767.098880
1329.953260
2531.720186
1315.664896
2155.637916
2455.049711
1308.171379
1377.869812
908.137462
3198.335487
469.782416
1640.038127
1053.839300
627.307971
1760.228711
2368.647403
2491.212204
2844.703242
3040.447479
2348.376643
525.664702
2067.282343
3106.353938
2246.263630
2670.265166
895.468312
1684.399879
2929.249437
1927.329772
1240.121820
3112.792670
471.260736
2277.059816
2421.344939
1493.910367
1209.529816
1653.226733
2509.066483
2294.384363
2268.348932
2484.234053
2471.151515
685.219143
314.905436
2805.444222
2152.432589
2390.537575
2073.488509
1773.967914
2207.817138
1198.697236
2006.617351
1051.931564
1081.883257
1029.713065
499.028815
1684.336305
2421.097680
3135.262987
388.498162
438.051584
3024.887741
566.743633
2422.096135
