547.657541
262.144577
1019.478974
1195.636883
1275.851181
725.051395
194.799371
1207.508746
1382.702848
108.392628
465.951969
1177.693722
762.218509
531.159767
771.764488
559.501608
887.843045
371.558740
831.796805
494.020277
886.650218
540.793586
443.979852
1425.338047
528.249867
291.549682
1445.451513
1324.917698
788.728144
1119.188600
371.375558
1336.385685
1381.333177
1390.854531
1066.946242
1192.108033
650.829600
1261.745614
934.540454
568.456123
1370.138241
1400.492424
281.073520
667.280425
466.575865
1052.838008
1226.782033
1354.418910
1424.396748
593.502514
383.362862
845.970640
1134.296100
827.342714
806.232362
197.469641
1118.892396
786.607550
57.311013
442.544215
440.719824
428.686571
313.853574
356.976676
354.464776
1380.799816
84.008384
1005.294377
1177.469104
1018.548839
108.674174
1082.531021
953.964937
389.747694
284.735120
1420.540802
1442.585703
46.440828
1309.883386
1401.906125
639.943342
228.169922
782.800440
309.163116
1055.512636
123.956477
506.632757
709.328707
910.564026
563.943771
1151.872922
1351.283851
992.630342
0.650170
243.184202
1347.095119
1381.449987
327.192585
887.313171
1093.842766
1345.741424
995.987345
711.297461
834.630035
1385.735039
996.032581
790.094511
1363.244416
1042.473410
634.901572
1300.074216
217.340426
863.071494
617.798330
526.503543
453.507805
741.754807
1033.136301
1162.836512
187.242508
132.003746
849.633109
73.450033
1124.634088
850.283279
316.634235
1006.652881
766.656940
643.826821
428.889726
395.423381
524.491919
1424.877072
1106.720842
1359.121955
1345.535786
637.677098
684.140140
1243.703876
215.074183
1319.041713
1078.701767
432.414609
717.036881
231.423771
958.918152
1170.544686
973.178578
526.978127
868.304873
1160.421087
658.981874
252.861656
1233.871120
318.539636
1103.144935
85.429030
1325.192518
404.725550
729.255851
289.005919
800.148931
1253.747770
248.806665
441.793447
1147.793400
129.266125
1079.470545
366.857215
1372.970001
1294.544727
220.822602
986.595442
261.883011
937.859483
1218.019214
1220.801164
643.327844
726.121466
282.702965
46.556392
421.466227
941.684839
299.418048
190.261022
1260.224475
1402.562982
275.690052
1120.340668
342.212206
1004.945903
1409.346587
1142.361137
793.617348
193.076927
119.078259
476.334422
322.343052
1198.548804
843.191637
