768.184892
579.090850
323.164954
1004.431528
1397.896872
1072.994072
155.734568
675.581345
1174.530276
1445.167748
14.067214
1223.084628
873.448826
1292.536721
64.049107
726.546148
422.509613
43.829471
1043.221419
719.009076
446.825260
102.863137
707.724629
612.566196
1494.790299
1426.506937
39.528866
674.387070
828.711731
1325.418329
600.166809
1596.896623
284.882279
923.331763
981.701250
63.152250
376.698934
1137.435818
738.733596
1551.229210
962.976666
752.800811
1154.686938
216.798592
425.710631
1218.736046
943.344740
848.220244
1262.565518
366.939259
