1070.948181
963.231464
84.343989
1435.638649
740.509680
1077.065677
815.251152
1394.151070
334.397542
1072.092602
907.347771
612.347535
889.342177
1122.169548
1204.414465
1038.786867
732.877218
1411.115672
137.657439
420.433491
681.664031
42.147574
384.758417
1216.361521
184.546304
1178.803188
737.255008
822.818320
1490.350963
364.458316
1012.953796
1061.940518
1327.689780
1097.297785
998.220541
568.840835
675.004837
314.113068
463.633279
1009.402379
1386.205671
1370.981051
122.391289
776.189222
993.791974
1326.805754
315.617464
227.310566
1238.562802
453.274903
647.744057
420.868207
495.422477
1032.502474
137.871102
679.968781
711.947037
875.126110
3.428475
702.939374
1239.584427
1016.382272
265.521266
1067.915581
614.321431
1263.741807
137.397790
1289.326268
78.496249
601.031069
799.370022
1464.701921
472.653495
921.761311
741.532517
1466.445468
749.208440
1057.149981
194.397408
488.412616
11.066259
842.141466
909.280823
506.488736
375.285314
1047.151925
1186.457517
1087.232351
422.919410
1189.885993
290.813099
163.145211
706.909639
556.334365
1231.060792
1321.231071
320.717547
1368.458582
1111.198713
399.213796
