20369.648007
29955.727600
22009.121418
33061.816542
30827.588253
26028.578261
31839.247163
27440.075577
21447.450834
27293.217397
25424.193973
25497.435727
27053.441413
33029.196096
25355.033933
31007.654157
21231.265674
25441.263342
25686.586993
20449.160396
20860.346579
22671.230078
31469.841602
24441.506238
28813.373069
22456.053219
20753.077965
23585.645535
30763.814075
23013.286843
23526.631817
32862.294096
33245.535671
33385.304375
34616.570049
32275.039094
30964.587541
33532.032621
28159.614328
32626.957678
20055.487137
22194.281089
29430.923301
28914.746390
26429.095776
32875.887664
30975.546125
22064.608555
32001.947517
30807.071708
