22920.181229
23214.214781
26783.563507
31483.349549
20125.146061
28745.889535
34705.966448
26269.931622
23864.399604
33164.774246
32702.873951
20289.296108
34190.032738
24928.163476
22460.592921
32307.942548
27522.664090
20763.113625
20371.293144
33415.934908
27583.891811
24625.219800
26476.700363
25693.289470
30758.314401
23570.129207
28642.300974
34647.808689
25862.701927
26055.982754
32063.108036
30089.575481
25715.710104
21513.834669
22822.719728
30806.198873
24333.242832
28649.983694
20787.546628
25405.354968
20264.264874
28509.072817
28450.470838
21721.189884
33950.799105
23390.090684
23785.365025
26210.705408
31676.535277
25586.407674
29475.620959
20624.861592
24866.547191
22629.842294
24433.087141
25237.840335
33887.687006
21999.424960
22043.827463
28216.220226
21891.486254
28757.891994
34306.227597
27831.704245
33053.711396
34540.045941
34787.645538
29379.409221
28714.486937
34977.579366
33925.767864
30214.721542
27170.472772
32182.796487
34974.968766
23617.864956
28956.628323
28318.396883
29827.081752
33931.930337
22503.781529
21053.256277
24623.385484
23426.140460
33768.126226
21861.778764
25201.861952
32292.824479
23288.056750
31359.910679
23974.427597
34540.411699
26866.405740
32452.813421
22888.482030
25857.803955
33593.653447
29085.008988
31899.163500
26332.667792
