20055.487137
25686.586993
32875.887664
30827.588253
31469.841602
21447.450834
28813.373069
24441.506238
25497.435727
26028.578261
25424.193973
32001.947517
30807.071708
20753.077965
25441.263342
22671.230078
23585.645535
29430.923301
22064.608555
27293.217397
25355.033933
20860.346579
30763.814075
22009.121418
23013.286843
32862.294096
33385.304375
33532.032621
31839.247163
33061.816542
28159.614328
30964.587541
21231.265674
27053.441413
22456.053219
28914.746390
32275.039094
26429.095776
30975.546125
27440.075577
