Solution for n=10, p=2 : 
Objective  : 167493.06
Allocation : 3, 3, 3, 3, 7, 7, 7, 7, 7, 7
 
Solution for n=10, p=3 : 
Objective  : 136008.13
Allocation : 3, 4, 3, 4, 7, 4, 7, 7, 7, 7
 
Solution for n=10, p=4 : 
Objective  : 112396.07
Allocation : 3, 4, 3, 4, 7, 8, 7, 8, 7, 8
 
Solution for n=10, p=5 : 
Objective  : 91105.37
Allocation : 1, 4, 3, 4, 7, 8, 7, 8, 7, 8
 
Solution for n=20, p=2 : 
Objective  : 172816.69
Allocation : 6, 6, 6, 6, 6, 6, 6, 6, 14, 14, 14, 14, 14, 14, 14, 14, 14, 14, 14, 14
 
Solution for n=20, p=3 : 
Objective  : 151533.08
Allocation : 6, 6, 6, 12, 6, 6, 6, 12, 14, 14, 12, 12, 14, 14, 14, 12, 14, 14, 14, 14
 
Solution for n=20, p=4 : 
Objective  : 135624.88
Allocation : 2, 2, 6, 12, 6, 6, 6, 12, 14, 14, 12, 12, 14, 14, 14, 12, 14, 14, 14, 14
 
Solution for n=20, p=5 : 
Objective  : 123130.09
Allocation : 2, 2, 6, 12, 6, 6, 6, 12, 13, 14, 12, 12, 13, 14, 14, 12, 13, 14, 14, 14
 
Solution for n=25, p=2 : 
Objective  : 175541.98
Allocation : 8, 8, 8, 8, 8, 8, 8, 8, 8, 8, 18, 18, 8, 8, 18, 18, 18, 18, 18, 18, 18, 18, 18, 18, 18
 
Solution for n=25, p=3 : 
Objective  : 155256.32
Allocation : 7, 7, 7, 7, 14, 7, 7, 7, 14, 14, 7, 18, 14, 14, 14, 18, 18, 18, 18, 14, 18, 18, 18, 18, 18
 
Solution for n=25, p=4 : 
Objective  : 139197.17
Allocation : 2, 2, 2, 7, 14, 7, 7, 7, 14, 14, 7, 18, 14, 14, 14, 18, 18, 18, 18, 14, 18, 18, 18, 18, 18
 
Solution for n=25, p=5 : 
Objective  : 123574.29
Allocation : 2, 2, 2, 7, 14, 7, 7, 7, 14, 14, 17, 17, 14, 14, 14, 17, 17, 18, 18, 14, 17, 17, 18, 18, 18
 
Solution for n=40, p=2 : 
Objective  : 177471.67
Allocation : 12, 12, 12, 12, 12, 12, 12, 12, 12, 12, 12, 12, 12, 12, 12, 28, 28, 28, 28, 28, 28, 28, 28, 28, 28, 28, 28, 28, 28, 28, 28, 28, 28, 28, 28, 28, 28, 28, 28, 28
 
Solution for n=40, p=3 : 
Objective  : 158830.54
Allocation : 12, 12, 12, 12, 12, 12, 22, 22, 12, 12, 12, 12, 12, 22, 22, 22, 28, 28, 28, 22, 22, 22, 22, 22, 28, 28, 28, 28, 28, 28, 22, 22, 28, 28, 28, 28, 28, 28, 28, 28
 
Solution for n=40, p=4 : 
Objective  : 143968.88
Allocation : 12, 12, 12, 12, 12, 12, 22, 22, 26, 12, 12, 12, 12, 22, 22, 22, 26, 26, 26, 22, 22, 22, 22, 22, 26, 26, 26, 28, 28, 28, 22, 22, 26, 26, 26, 28, 28, 28, 28, 28
 
Solution for n=40, p=5 : 
Objective  : 134264.97
Allocation : 3, 3, 3, 3, 12, 12, 22, 22, 26, 12, 12, 12, 12, 22, 22, 22, 26, 26, 26, 22, 22, 22, 22, 22, 26, 26, 26, 28, 28, 28, 22, 22, 26, 26, 26, 28, 28, 28, 28, 28
 
Solution for n=50, p=2 : 
Objective  : 178484.29
Allocation : 14, 14, 14, 14, 14, 14, 14, 14, 14, 14, 14, 14, 14, 14, 14, 14, 14, 14, 14, 35, 35, 35, 35, 35, 35, 35, 35, 35, 35, 35, 35, 35, 35, 35, 35, 35, 35, 35, 35, 35, 35, 35, 35, 35, 35, 35, 35, 35, 35, 35
 
Solution for n=50, p=3 : 
Objective  : 158569.93
Allocation : 14, 14, 14, 14, 14, 14, 14, 28, 28, 28, 14, 14, 14, 14, 14, 14, 14, 28, 28, 28, 35, 35, 35, 35, 28, 28, 28, 28, 28, 28, 35, 35, 35, 35, 35, 35, 35, 35, 28, 28, 35, 35, 35, 35, 35, 35, 35, 35, 35, 35
 
Solution for n=50, p=4 : 
Objective  : 143378.05
Allocation : 14, 14, 14, 14, 14, 14, 14, 14, 28, 28, 33, 14, 14, 14, 14, 14, 14, 28, 28, 28, 33, 33, 33, 33, 28, 28, 28, 28, 28, 28, 33, 33, 33, 33, 35, 35, 35, 35, 28, 28, 33, 33, 33, 33, 35, 35, 35, 35, 35, 35
 
Solution for n=50, p=5 : 
Objective  : 132366.95
Allocation : 4, 14, 4, 4, 4, 14, 14, 14, 28, 28, 33, 14, 14, 14, 14, 14, 14, 28, 28, 28, 33, 33, 33, 33, 28, 28, 28, 28, 28, 28, 33, 33, 33, 33, 35, 35, 35, 35, 28, 28, 33, 33, 33, 33, 35, 35, 35, 35, 35, 35
 
